0.758702172055
0.956738526713
0.978673630122
0.963562365251
0.82001533984
0.86757280779
0.974299690442
0.886566609864
0.968643304293
0.730146344193
0.946740290067
0.97434913571
0.935800939646
0.961832335597
0.844519130222
0.836003757794
0.935179279831
0.594037920762
0.967145292872
0.885184977933
0.948658865493
0.922914002158
0.838165731184
0.905480366428
0.929427002415
0.820760820452
0.863216840972
0.903379815665
0.841875043596
0.982484879275
0.982461329335
0.962119464088
0.943201179821
0.986155064492
0.953654152371
0.959326418534
0.994753951387
0.997929672699
0.968775587641
0.845028050566
0.956502916567
0.861110592304
0.922025064521
0.981038507064
0.681755488802
0.876802478233
0.899329409843
0.957895130321
0.791737795835
0.640411959175
0.777495992594
0.996918567891
0.946168646792
0.927569169139
0.924508817802
0.844705377329
0.989167735906
0.787532884641
0.916800571987
0.882641517947
0.874883596477
0.997413544244
0.652763045381
0.977818852189
0.968774709892
0.928312285431
0.948549931615
0.967040432073
0.948252538857
0.991856378787
0.875887693257
0.975521459164
0.763121683918
0.812292524812
0.86404553106
0.74799136254
0.87935970719
0.84411840439
0.854682871245
0.972458216
0.962842680558
0.899647587072
0.988997091539
0.89369459162
0.979590176512
0.770292262355
0.986633804707
0.929050994829
0.906522931376
0.993267742862
0.797567900738
0.824679752785
0.97049022001
0.971622977987
0.754606120781
0.938566071302
0.985183634207
0.764011607858
0.987190462511
0.9679394098
0.83352161209
0.968676469883
0.91004920378
0.951143484099
0.995837519717
0.809513322057
0.957057567186
0.82323680679
0.976172386019
0.918126746867
0.998720894069
0.980559070999
0.903313880977
0.981445964591
0.980865825957
0.947600505722
0.891041036715
0.895266866088
0.925394672841
0.985914632704
0.990152444545
0.612475607795
0.870175013597
0.934297093748
0.961437630228
0.940122247111
0.946386955702
0.996260212744
0.951908978361
0.845399015624
0.670853175142
0.948630724186
0.83643850931
0.955157919252
0.703119150712
0.97848106117
0.959749655471
0.974914068021
0.855910101749
0.930917731289
0.929648415995
0.829877615631
0.895453076654
0.984840007307
0.981953897861
0.997678435512
0.886821956872
0.87407766721
0.877184976244
0.898629092088
0.988941094975
0.962696713801
0.977703739274
0.784636217626
0.984414079636
0.978100888073
0.920621451912
0.962299175222
0.893364323217
0.995562614324
0.976772113331
0.913440536086
0.936343500178
0.976342078553
0.959519432483
0.946503042517
0.958619516362
0.973687426108
0.915642784766
0.984303696647
0.994631139696
0.849570704866
0.936108864677
0.896571283912
0.983906845465
0.82765823614
0.986984706375
0.588080614449
0.683294671528
0.945297810017
0.920135697769
0.802123494954
0.983683930596
0.989962406071
0.813226246593
0.876221096513
0.883324189956
0.985510274193
0.869633444506
0.961747083038
0.910333002006
0.999442940199
0.975505667262
0.998976633602
0.893457529755
0.741338919625
0.959837621148
0.965763371102
0.899248408757
0.978656016708
0.991989316753
0.721058824435
0.893560589109
0.855753898134
0.939869281279
0.885560787016
0.961043066824
0.990150026496
0.977777727752
0.770249849235
0.996211022115
0.924960978296
0.962666547396
0.961848169288
0.985578787702
0.840103174285
0.652310553631
0.790229303538
0.933657514269
0.935080339966
0.831251380155
0.945158259251
0.965856486568
0.858374120058
0.971223092296
0.891397234357
0.991249060576
0.899243162248
0.983165813114
0.95273579271
0.863919665013
0.953067015316
0.870595719112
0.915136739387
0.951850068334
0.942669047835
0.865448964336
0.997522051078
0.867377181449
0.964531858249
0.889587089524
0.986316971886
0.770289978974
0.926377364663
0.986767339184
0.998685970305
0.715202450117
0.902622239721
0.958139646755
0.817084991277
0.969180130683
0.921431247845
0.969538474629
0.998264435525
0.666928256179
0.963579254184
0.925722751745
0.851422588918
0.943062691474
0.893443319273
0.912438741824
0.998191928342
0.99630047905
0.93658416707
0.938555669843
0.717764472322
0.777889655516
0.90874691687
0.919048510968
0.855802874495
0.816285733802
0.726248572144
0.997702589089
0.860884107862
0.970009201454
0.73376030005
0.915515514622
0.929118422594
0.995339765685
0.949631386853
0.975785356096
0.994426450307
0.923713149257
0.876556681215
0.996026329249
0.731547791439
0.949239897759
0.912507324351
0.739710083664
0.96963004543
0.897234547658
0.935849303268
0.891820896041
0.725052170632
0.998981451523
0.95153061475
0.997471773787
0.970239229265
0.983822444355
0.931307768309
0.78803438391
0.978204103311
0.883365065088
0.928985653751
0.820712306857
0.878586660972
0.972239244238
0.830532905224
0.929164852559
0.928152458629
0.976412017471
0.9151745629
0.94315124094
0.946282598788
0.981338606884
0.978577880533
0.791183895015
0.8571979361
0.97079715142
0.874935554241
0.894564830678
0.931928449978
0.745999872635
0.810562203626
0.899630198392
0.953007322016
0.738492523213
0.932588157551
0.966822682811
0.899678865163
0.98613603677
0.999394555325
0.858343569621
0.898201628997
0.775160891232
0.987078662635
0.969739722863
0.996245130479
0.978798413305
0.844427943741
0.944672789415
0.869419536585
0.994973128128
0.955631725583
0.991809949161
0.9956870662
0.916036251384
0.80991211825
0.695579767887
0.970031195417
0.989140561581
0.951781187971
0.756991599579
0.730827313051
0.899535090405
0.987260438043
0.980385686561
0.996732157104
0.991705702937
0.916096381648
0.734566535224
0.87229502558
0.870630183863
0.604294461456
0.993166566794
0.97373089751
0.841818825958
0.875102810251
0.994350213303
0.955334715241
0.904078554429
0.950023396279
0.810541549371
0.795496309445
0.98824623334
0.966665896296
0.838202363643
0.885145095886
0.901471334775
0.955890144427
0.974860938996
0.932666730583
0.993272149094
0.9489560047
0.986584210976
0.82958697836
0.985899638905
0.817463826378
0.826041449154
0.978156980913
0.931097145884
0.952354707327
0.685825431688
0.818736536928
0.619309978592
0.972374375967
0.974720675746
0.875919537465
0.802886615896
0.771841306819
0.941801951358
0.997404870099
0.992185728834
0.796876211779
0.964314831873
0.660383872048
0.978963669569
0.980851375614
0.916076798826
0.930437317537
0.913315524651
0.929714789016
0.930713506945
0.969816147166
0.739421582005
0.880954760719
0.918297345213
0.999125155196
0.945075313399
0.964586633273
0.870401350289
0.693620294324
0.727564838307
0.780814048245
0.984315453742
0.883187893746
0.899155414607
0.95499974551
0.851317502109
0.803502821968
0.588106106036
0.934963029256
0.873308776057
0.996364721844
0.867193236945
0.985795111918
0.984246517677
0.860815052958
0.822179493769
0.847779874277
0.982243750874
0.816554255935
0.982067312077
0.955930698767
0.919110870657
0.971142287419
0.750983409208
0.899910863441
0.814844245619
0.931517755345
0.762725240192
0.991617132864
0.999900995888
0.843807190198
0.944184035184
0.942272484174
0.870455495946
0.933329278974
0.968566122308
0.945783981135
0.930176980873
0.928049285107
0.855216160849
0.914536540046
0.975924324141
0.97762826048
0.935603096759
0.960822328492
0.96667102978
0.887443656634
0.91344000364
0.812553883645
0.908889446753
0.880560744758
0.799773844946
0.949097731974
0.893988651788
0.919341916905
0.854392191207
0.686016695862
0.944399245262
0.937518089617
0.89591850704
0.945445396711
0.968646578534
0.993353691704
0.9893257616
0.947034215425
0.744584908472
0.879871193454
0.997957373439
0.9426353224
0.950109890671
0.90303185007
0.982473433965
0.797545376677
0.931637569393
0.915630264
0.960437457863
0.960052538683
0.986728288974
0.997304898773
0.97769709478
0.851910495019
0.974157313595
0.728684218325
0.80721785439
0.920707263975
0.955930410075
0.989714729269
0.996915200545
0.927575782772
0.840380530048
0.940482673948
0.998350608366
0.941075980445
0.967616564401
0.908705665578
0.864980392688
0.896499501033
0.99619172395
0.972426800191
0.904067030375
0.955374862281
0.993622087869
0.97617187828
0.996561819639
0.990727347329
0.989481602371
0.898740808361
0.8307266927
0.995505683491
0.837691217073
0.998437889371
0.958347532219
0.97319938079
0.991457699083
0.988936265451
0.983039312183
0.909276608564
0.93993791699
0.923129830395
0.959386416289
0.975214699998
0.996760947315
0.999781282175
0.980880404563
0.902982927539
0.847857608843
0.908140329073
0.998632879293
0.980743965756
0.908830541981
0.852220119481
0.965475625184
0.931877056177
0.982318850203
0.940957751005
0.921826070167
0.825771444695
0.964818931727
0.984289463328
0.932143396192
0.940919428165
0.755157623433
0.963307077216
0.960336892802
0.97661819953
0.980585318753
0.918458572432
0.86089685737
0.965782774247
0.845095780394
0.912314996761
0.99360014798
0.998705662133
0.949353833419
0.970513814339
0.983941395273
0.908819605204
0.785826787291
0.829763372397
0.684806518006
0.819234056126
0.879898362492
0.986714833356
0.990174523595
0.971350665637
0.686310615576
0.913572025893
0.945118826304
0.957714275309
0.9785357367
0.968655049599
0.793835152588
0.967686810789
0.780779829423
0.892720157514
0.938514819787
0.970714069773
0.676210488477
0.998454243636
0.68866647468
0.881755839706
0.897451141838
0.966399708228
0.962600535517
0.824788495412
0.919702149899
0.93912482
0.975835796595
0.864328528684
0.966996120225
0.938066946232
0.802681359992
0.954403459331
0.962963237201
0.897907425307
0.955920759127
0.911661785254
0.976199053214
0.853112264112
0.940449467021
0.901337825278
0.994136158916
0.896043031102
0.940331818039
0.931614837833
0.898165835259
0.878605066338
0.95762342497
0.904482230669
0.831655079154
0.97108817852
0.91414356818
0.974868943895
0.982530274699
0.972326774993
0.986496337447
0.898162894441
0.978219075022
0.952979047992
0.829032435146
0.95123144896
0.989099733597
0.868389562542
0.961142179361
0.639459481728
0.998694885154
0.953456922086
0.861076039814
0.86214965523
0.922764308128
0.826823918911
0.890922686338
0.900123400493
0.970357681332
0.848486680523
0.863205639392
0.977243223527
0.929672403113
0.940414634848
0.962495029034
0.850718325992
0.940555014438
0.961057770349
0.844904939861
0.817365218922
0.69409894308
0.670218221082
0.942582449054
0.914651369985
0.494482137897
0.766142080229
0.938823847367
0.893668527963
0.778294267757
0.949590414892
0.905664123913
0.856408226075
0.874633339746
0.695391647295
0.996341083104
0.990497363029
0.913216992147
0.961936167549
0.720997507819
0.918895963592
0.950544398613
0.95925766924
0.793608905552
0.975117192809
0.958467251966
0.944841220768
0.999859271604
0.97059952872
0.983681251571
0.852713899996
0.94817920715
0.962713223773
0.849087235421
0.923585600092
0.934104085266
0.747181394525
0.639567326672
0.968788296948
0.922460113597
0.969196480593
0.852930281963
0.999574069048
0.474953645317
0.978831977903
0.792932337976
0.862838538171
0.974730767131
0.985696584648
0.92951206554
0.996633153461
0.918585790171
0.994698184413
0.751291626915
0.961486805553
0.885299546592
0.827367878614
0.869831350775
0.99970161838
0.962566003864
0.92895956826
0.959488701102
0.994495170369
0.905018199192
0.946118961037
0.946626803118
0.680226299115
0.981374747761
0.982993396994
0.833635504004
0.955964267173
0.988191419657
0.943216398208
0.699694171471
0.746921778039
0.922740794056
0.908994954191
0.99873905277
0.899364885051
0.9444870401
0.896901114423
0.994478232524
0.840226898726
0.951726390068
0.934672712927
0.930596882442
0.967122364919
0.938485292879
0.998462109765
0.884073422321
0.992979139412
0.832869146374
0.850308286895
0.991536710849
0.745396414017
0.944491391223
0.899166312062
0.959440926604
0.971013046268
0.871938587183
0.899699144135
0.968200430371
0.959629980543
0.884206118473
0.995975268437
0.994671831182
0.879791273757
0.964690533995
0.911050575996
0.907297622925
0.859959706206
0.951234618037
0.874545290287
0.887168152577
0.816238733198
0.903565065895
0.963980533259
0.857562087126
0.806795215006
0.951213305301
0.943341440214
0.985518969503
0.802260398717
0.966302913715
0.873800853255
0.97773535355
0.994488605436
0.938052651914
0.803088615905
0.999985143715
0.911957291096
0.807539556528
0.995190454614
0.965894102532
0.998255927913
0.943912347613
0.830505679938
0.999646018302
0.943526513143
0.900016940307
0.950438982037
0.666251328516
0.978211754962
0.886421683392
0.912724424781
0.905774070687
0.980876977143
0.995063849866
0.966916326358
0.986334103245
0.988401644673
0.925815805162
0.985504591913
0.924060552208
0.965753263731
0.984235124579
0.994133174394
0.971011317298
0.972335206588
0.966712523925
0.907978981336
0.921691995617
0.978752221005
0.957225190806
0.856488002594
0.901126183582
0.97043236268
0.973235608612
0.926422388178
0.996102573918
0.917054584325
0.987679586271
0.999450020761
0.918182293539
0.982932137272
0.909426942618
0.94670229293
0.919722684734
0.963186824658
0.987238506166
0.991224969879
0.952725001377
0.97332045419
0.89543261788
0.995173750981
0.762216242959
0.851349227089
0.916103291429
0.994587013191
0.71396607981
0.915726961927
0.859330855796
0.68931027454
0.943901533933
0.780739866953
0.996335103163
0.961188979124
0.828205841941
0.909631620434
0.994087257945
0.939882048132
0.937666492386
0.912706875582
0.97565389545
0.889256603384
0.871675921863
0.901276694526
0.961817910841
0.972763638741
0.806620736492
0.862404659342
0.906117061559
0.935630406833
0.768208441794
0.745399478776
0.972484297582
0.945519030018
0.938059132711
0.801718944897
0.765120585745
0.988568003937
0.854246374986
0.953516899896
0.949458498225
0.891502466962
0.891116146677
0.961955528268
0.999237333271
0.888276144103
0.998414428912
0.972498356206
0.935981826279
0.981761259758
0.981999820446
0.96250968953
0.853019560972
0.768334174623
0.759597809987
0.998955802906
0.962016415926
0.951006866302
0.800539472689
0.870354336681
0.995132255824
0.811231094084
0.924755461986
0.964452926974
0.996644782461
0.529272199629
0.970347771337
0.942561080161
0.929336066156
0.958592834536
0.811596418197
0.913885144911
0.979372429164
0.865078608676
0.903670634467
0.965880554131
0.844855961604
0.962922578255
0.927051090793
0.95125149576
0.904024294642
0.966189554716
0.914511807355
0.903768801708
0.937355119036
0.934830260899
0.980475975002
0.862696157697
0.953201185654
0.843317582112
0.966020929956
0.767490211417
0.962918485259
0.933075087188
0.952576530043
0.746732492274
0.944259124921
0.965378254418
0.938319043745
0.825059287245
0.985702775764
0.869518884178
0.895434330502
0.976067995834
0.972702993232
0.952332437938
0.874027835038
0.896838269021
0.9917414034
0.883115812289
0.9884715459
0.880680380868
0.978475373067
0.885048548961
0.881367094595
0.89587529779
0.848926357965
0.977446289651
0.947477057692
0.879774688423
0.900990212191
0.969968505424
0.903368376014
0.979220141981
0.942126056376
0.940089656387
0.789587662554
0.987845449034
0.876128127651
0.673850493621
0.981752613203
0.921518837572
0.950742008647
0.899536080809
0.983073731279
0.741431985818
0.95196048337
0.829231350542
0.864450802854
0.870914695323
0.98328620808
0.981514973961
0.791232265238
0.970111706544
0.951914167347
0.900243530957
0.93837207301
0.983713671991
0.911546132253
0.75261245126
